1110001
2220002
3330003
4440004
5550005
6660006
1310007
2520008
3130009
4240010
5450011
6660012
1110013
2220014
3330015
4540016
5150017
6260018
1410019
2620020
3330021
4440022
5550023
6660024
1110025
2220026
3330027
4540028
5150029
6260030
1410031
2620032
3330033
4440034
5350035
6560036
1110037
2220038
3430039
4640040
5350041
6560042
1110043
2220044
3430045
4340046
5550047
6160048
1210049
2420050
3630051
4440052
5350053
6560054
1110055
2220056
3430057
4640058
5350059
6560060
1110061
2220062
3430063
4640064
5550065
6660066
1110067
2310068
3510069
4110070
5210071
6410072
1610073
2210074
3310075
4410076
5510077
6620078
1120079
2220080
3320081
4320082
5520083
6120084
1220085
2420086
3620087
4420088
5530089
6630090
1130091
2230092
3330093
4330094
5530095
6130096
1230097
2430098
3630099
4440100
5540101
6640102
1140103
2340104
3540105
4140106
5240107
6440108
1640109
2240110
3350111
4450112
5550113
6650114
1150115
2250116
3350117
4350118
5550119
6150120
1250121
2460122
3660123
4460124
5560125
6660126
1160127
2260128
3360129
4360130
5560131
6160132
1210133
1410134
1610135
1210136
1310137
1310138
1410139
1410140
1510141
1310142
1510143
2120144
2220145
2420146
2620147
2320148
2320149
2420150
2420151
2520152
2620153
2320154
3530155
3130156
3230157
3430158
3630159
3330160
3430161
3530162
3530163
3630164
3630165
4140166
4140167
4340168
4540169
4140170
4240171
4440172
4640173
4540174
4640175
4640176
5150177
5150178
5250179
5350180
5350181
5550182
5150183
5250184
5450185
5650186
5650187
6160188
6260189
6260190
6360191
6360192
6460193
6460194
6560195
6560196
6360197
6560198
6160199
6260200
6460201
6660202
6660203
6660204
6660205
6660206
6660207
6660208
6660209
6610210
6620211
6320212
6530213
6130214
6240215
6440216
6650217
6650218
6660219
6660220
6160221
6260222
6260223
6360224
6360225
6460226
6460227
6360228
6560229
6160230
6260231
5450232
5650233
5550234
5550235
5550236
5550237
5550238
5550239
5550240
5550241
5550242
5510243
5510244
5520245
5530246
5330247
5540248
5140249
5250250
5450251
5660252
5560253
5150254
5150255
5250256
5350257
5350258
5450259
5450260
5550261
5550262
5650263
5650264
4440265
4340266
4540267
4140268
4240269
4440270
4640271
4440272
4440273
4440274
4440275
4410276
4410277
4420278
4420279
4430280
4440281
4440282
4450283
4450284
4460285
4360286
4540287
4140288
4240289
4340290
4540291
4140292
4240293
4440294
4640295
4640296
4640297
3330298
3530299
3130300
3230301
3430302
3630303
3330304
3330305
3530306
3130307
3230308
3410309
3610310
3320311
3320312
3330313
3330314
3340315
3550316
3150317
3260318
3460319
3630320
3530321
3430322
3630323
3330324
3530325
3130326
3230327
3430328
3630329
3730330
2320331
2520332
2120333
2220334
2420335
2320336
2520337
2120338
2220339
2420340
2620341
2310342
2510343
2120344
2220345
2430346
2630347
2340348
2540349
2150350
2260351
2460352
2620353
2720354
2220355
2220356
2320357
2320358
2420359
2420360
2520361
2620362
2620363
1110364
1110365
1110366
1110367
1110368
1110369
1110370
1110371
1110372
1110373
1110374
1110375
1110376
1120377
1120378
1130379
1160380
1130381
1150382
1110383
1120384
1140385
1160386
1170387
1260388
1260389
1360390
1360391
1460392
1460393
1560394
1560395
1660396
6140397
6160398
6130399
6150400
6110401
6120402
6140403
6160404
6170405
6150406
6150407
6160408
6160409
6150410
6150411
6150412
6140413
6160414
6130415
6150416
6110417
6120418
6640419
6360420
6570421
6150422
6250423
6450424
6640425
6760426
6630427
6650428
6610429
5620430
5640431
5660432
5670433
5620434
5630435
5430436
5640437
5340438
5540439
5160440
5230441
5450442
5610443
5720444
5540445
5560446
5670447
5640448
5560449
5530450
5550451
5410452
5620453
5340454
5560455
5170456
5240457
5440458
5660459
5730460
5550461
5510462
4520463
4440464
4660465
4370466
4540467
4160468
4230469
4450470
4610471
4720472
4240473
4360474
4370475
4460476
4430477
4450478
4610479
4320480
4540481
4160482
4270483
4410484
4620485
4740486
4460487
4670488
4330489
4530490
4140491
4260492
4430493
4650494
4710495
3420496
3440497
3660498
3370499
3520500
3120501
3240502
3460503
3630504
3750505
3410506
3620507
3340508
3560509
3170510
3230511
3450512
3610513
3720514
3640515
3360516
3570517
3120518
3220519
3440520
3660521
3730522
3150523
3210524
3420525
3640526
3760527
3370528
2320529
2440530
2660531
2330532
2550533
2110534
2220535
2440536
2660537
2770538
2240539
2260540
2430541
2650542
2310543
2520544
2140545
2260546
2470547
2650548
2710549
2320550
2540551
2160552
2270553
2460554
2630555
2740556
2260557
2230558
2450559
2610560
2320561
1540562
1160563
1270564
1460565
1630566
1750567
1210568
1420569
1640570
1360571
1570572
1150573
1260574
1410575
1640576
1760577
1430578
1650579
1310580
1520581
1140582
1260583
1470584
1610585
1740586
1560587
1130588
1250589
1410590
1620591
1740592
1660593
1370594
1410595
2610596
3310597
4540598
5160599
6230600
1450601
2610602
3720603
4640604
5360605
6570606
1110607
2220608
3420609
4640610
5760611
6530612
1650613
2110614
3420615
4640616
5360617
6570618
1120619
2220620
3440621
4660622
5730623
6150624
1410625
2620626
3340627
4560628
5170629
6220630
1420631
2640632
3760633
4130634
5150635
6110636
1420637
2640638
3360639
4570640
5130641
6230642
1430643
2640644
3760645
4130646
5250647
6210648
1420649
2640650
3360651
4570652
5130653
6230654
1440655
2660656
3730657
4250658
5210659
6420660
1640661
2360662
3570663
4170664
5270665
6470666
1640667
2760668
3230669
4240670
5460671
6630672
1350673
2510674
3120675
4240676
5460677
6670678
1770679
2340680
3360681
4330682
5450683
6610684
1320685
2540686
3160687
4270688
5470689
6670690
1740691
2360692
3330693
4450694
5610695
6320696
1540697
2160698
3270699
4470700
5640701
6760702
1730703
2750704
3710705
4420706
5640707
6360708
1470709
2670710
3340711
4560712
5130713
6250714
1410715
2620716
3740717
4760718
5470719
6670720
1370721
2570722
3140723
4260724
5430725
6650726
1710727
2720728
3740729
4460730
5670731
6370732
1570733
2170734
3240735
4460736
5630737
6750738
1710739
2420740
3640741
4360742
5570743
6170744
1270745
2440746
3660747
4730748
5750749
6410750
1620751
2340752
3560753
4170754
5240755
6460756
1630757
2750758
3710759
4720760
5740761
6460762
1670763
2340764
3560765
4130766
5250767
6410768
1620769
2740770
3760771
4770772
5770773
6470774
1670775
2370776
3540777
4160778
5230779
6450780
1610781
2720782
3740783
4760784
5470785
6670786
1370787
2540788
3160789
4230790
5450791
6610792
1720793
2440794
3660795
4340796
5560797
6130798
1250799
2410800
3620801
4740802
5460803
6670804
1350805
2510806
3120807
4240808
5460809
6670810
1730811
2740812
3740813
4760814
5730815
6450816
1610817
2320818
3540819
4160820
5270821
6420822
1630823
2740824
3750825
4760826
5440827
6660828
1330829
2550830
3110831
4220832
5440833
6660834
1470835
2640836
3350837
4560838
5110839
6220840
1430841
2640842
3750843
4560844
5150845
6250846
1450847
2660848
3760849
4360850
5460851
6460852
1660853
2360854
3560855
4160856
5260857
6460858
1610859
2720860
3230861
4340862
5450863
6560864
1610865
2420866
3630867
4340868
5550869
6160870
1210871
2420872
3630873
4740874
5450875
6560876
1610877
2120878
3230879
4340880
5450881
6560882
1610883
2220884
3330885
4440886
5550887
6660888
1110889
2220890
3330891
4440892
5550893
6660894
1110895
2220896
3330897
4440898
5550899
6660900
1110901
2220902
3330903
4440904
5550905
6660906
1110907
2220908
3330909
4440910
5550911
6660912
1110913
2220914
3330915
4440916
5550917
6660918
1110919
2220920
3330921
4440922
5550923
6660924
1110925
2210926
3310927
4410928
5510929
6610930
1110931
2210932
3310933
4410934
5510935
6620936
1120937
2220938
3320939
4420940
5520941
6620942
1120943
2220944
3320945
4420946
5530947
6630948
1130949
2230950
3330951
4430952
5530953
6630954
1130955
2230956
3330957
4440958
5540959
6640960
1140961
2240962
3340963
4440964
5540965
6640966
1140967
2240968
3350969
4450970
5550971
6650972
1150973
2250974
3350975
4450976
5550977
6650978
1150979
2260980
3360981
4460982
5560983
6660984
1160985
2260986
3360987
4460988
5560989
6660990
1110991
1110992
1210993
1210994
1310995
1310996
1410997
1410998
1510999
1511000
1611001
2121002
2121003
2221004
2221005
2321006
2321007
2421008
2421009
2521010
2621011
2621012
3131013
3131014
3231015
3231016
3331017
3331018
3431019
3531020
3531021
3631022
3631023
4141024
4141025
4241026
4241027
4341028
4441029
4441030
4541031
4541032
4641033
4641034
5151035
5151036
5251037
5351038
5351039
5451040
5451041
5551042
5551043
5651044
5651045
6161046
6261047
6261048
6361049
6361050
6461051
6461052
6561053
6561054
6661055
6661056
6661057
6661058
6461059
6661060
6361061
6561062
6161063
6261064
6461065
6661066
6761067
6611068
6621069
6621070
6631071
6631072
6641073
6641074
6651075
6651076
6461077
6661078
6361079
6561080
6161081
6261082
6461083
6661084
6761085
6561086
6561087
6661088
6661089
5551090
5551091
5551092
5451093
5651094
5351095
5551096
5151097
5251098
5451099
5651100
5711101
5511102
5521103
5531104
5431105
5641106
5341107
5551108
5151109
5261110
5461111
5651112
5751113
5251114
5351115
5351116
5451117
5451118
5451119
5651120
5351121
5551122
4141123
4241124
4441125
4641126
4741127
4441128
4641129
4341130
4541131
4141132
4241133
4411134
4611135
4721136
4421137
4431138
4641139
4341140
4551141
4151142
4261143
4461144
4641145
4741146
4441147
4641148
4341149
4541150
4141151
4241152
4441153
4641154
4741155
3631156
3331157
3531158
3131159
3231160
3431161
3631162
3731163
3131164
3231165
3431166
3611167
3711168
3321169
3321170
3431171
3631172
3341173
3551174
3151175
3261176
3461177
3631178
3731179
3231180
3231181
3431182
3631183
3331184
3531185
3131186
3231187
3431188
2621189
2721190
2321191
2521192
2121193
2221194
2421195
2621196
2721197
2221198
2221199
2411200
2611201
2321202
2521203
2131204
2231205
2441206
2641207
2751208
2261209
2461210
2621211
2321212
2521213
2121214
2221215
2421216
2621217
2721218
2421219
2621220
2321221
1511222
1111223
1211224
1411225
1611226
1711227
1511228
1111229
1211230
1411231
1611232
1711233
1611234
1321235
1421236
1631237
1331238
1541239
1141240
1251241
1451242
1661243
1711244
1611245
1311246
1511247
1111248
1211249
1411250
1611251
1711252
1511253
1611254
6161255
6461256
6661257
6361258
6561259
6161260
6261261
6461262
6661263
6761264
6161265
6411266
6621267
6321268
6531269
6131270
6241271
6441272
6651273
6751274
6161275
6161276
6161277
6461278
6661279
6361280
6561281
6161282
6261283
6461284
6661285
6761286
6161287
5251288
5251289
5451290
5651291
5351292
5551293
5151294
5251295
5451296
5651297
5751298
5211299
5211300
5421301
5631302
5331303
5541304
5141305
5251306
5451307
5661308
5761309
5251310
5251311
5451312
5651313
5351314
5561315
5131316
5251317
5411318
5621319
5741320
4361321
4371322
4361323
4461324
4661325
4361326
4561327
4161328
4261329
4461330
4661331
4741332
4361333
4331334
4451335
4611336
4321337
4541338
4161339
4271340
4451341
4651342
4761343
4761344
4751345
4751346
4451347
4641348
4361349
4431350
4651351
4311352
4521353
3141354
3261355
3471356
3651357
3751358
3751359
3441360
3661361
3331362
3551363
3111364
3221365
3441366
3661367
3771368
3721369
3731370
3431371
3641372
3341373
3541374
3161375
3231376
3451377
3611378
3721379
3741380
3461381
3671382
3341383
3561384
3131385
3251386
2411387
2621388
2741389
2761390
2471391
2641392
2341393
2561394
2131395
2251396
2411397
2621398
2741399
2761400
2771401
2741402
2461403
2631404
2351405
2511406
2121407
2241408
2461409
2671410
2761411
2731412
2751413
2711414
2421415
2641416
2361417
2571418
2111419
1221420
1441421
1661422
1771423
1731424
1731425
1441426
1661427
1331428
1551429
1111430
1221431
1441432
1661433
1771434
1421435
1621436
1341437
1561438
1131439
1251440
1411441
1621442
1741443
1461444
1671445
1331446
1551447
1111448
1221449
1441450
1661451
1771452
1721453
2721454
3741455
4761456
5431457
6651458
1311459
2521460
3141461
4261462
5471463
6621464
1741465
2761466
3731467
4451468
5611469
6321470
1541471
2161472
3271473
4441474
5661475
6431476
1651477
2311478
3521479
4141480
5261481
6471482
1651483
2711484
3521485
4141486
5261487
6471488
1661489
2731490
3341491
4461492
5431493
6651494
1311495
2521496
3141497
4261498
5471499
6661500
1731501
2251502
3311503
4421504
5541505
6661506
1471507
2651508
3361509
4511510
5141511
6261512
1431513
2651514
3711515
4421516
5541517
6661518
1171519
2211520
3341521
4461522
5531523
6651524